39271   5   78
23	5	2
23	5	3
23	5	6
251	71	210
39839983	79	4341
19839997	17	5099
89839993	83	12295
79839983	37	12295
39839983	79	4341
19839997	17	5099
89839993	83	12295
79839983	37	22295
39839983	79	4341
19839997	17	5099
89839993	83	12295
79839983	37	22295
39839983	79	4341
19839997	17	5099
89839993	83	12295
79839983	37	22295
39839983	79	4341
19839997	17	5099
89839993	83	12295
79839983	37	22295
39839983	79	4341
19839997	17	5099
89839993	83	12295
79839983	37	22295
39839983	79	4341
19839997	17	5099
89839993	83	12295
79839983	37	22295
39839983	79	4341
19839997	17	5099
89839993	83	12295
39839983	79	4341
19839997	17	5099
89839993	83	12295
39839983	79	4341
19839997	17	5099
89839993	83	12295
39839983	79	4341
19839997	17	5099
89839993	83	12295
39839983	79	4341
19839997	17	5099
89839993	83	12295
39839983	79	4341
19839997	17	5099
89839993	83	12295
39839983	79	4341
19839997	17	5099
89839993	83	12295
39839983	79	4341
19839997	17	5099
89839993	83	12295
39839983	79	4341
19839997	17	5099
89839993	83	12295
39839983	79	4341
19839997	17	5099
89839993	83	12295
79839983	37	22295
79839983	37	22295
79839983	37	22295
79839983	37	22295
79839983	37	22295
79839983	37	22295
79839983	37	22295
79839983	37	22295
79839983	37	22295
79839983	37	22295
39839983	79	4341
19839997	17	5099
89839993	83	12295
79839983	37	22295
39839983	79	4341
19839997	17	5099
89839993	83	12295
79839983	37	22295
39839983	79	4341
19839997	17	5099
89839993	83	12295
79839983	37	22295
39839983	79	4341
19839997	17	5099
89839993	83	12295
79839983	37	22295
39839983	79	4341
19839997	17	5099
89839993	83	12295
79839983	37	22295
39839983	79	4341
19839997	17	5099
89839993	83	12295
79839983	37	22295
39839983	79	4341
19839997	17	5099
89839993	83	12295
79839983	37	22295
251	71	210	
59	5	49
383	2	228
113	3	57
29	3	18
97	5	35



